% Drivers
num2drv = ["RUS"; "LAT"; "RIC"; "OCO"; "VER"; "ALB"; "PER"; "STR"; "HAM"; "BOT"; "SAI"; "NOR"; "GRO"; "MAG"; "VET"; "LEC"; "GAS"; "KVY"; "RAI"; "GIO"];      
drivers = [1,   58,  5.8;
           2,   88,  6.6;
           3,  300, 14.5;
           4,  106, 12.0;
           5,  415, 26.1;
           6,  214, 20.3;
           7,  283,  9.9;
           8,  140, 10.1;
           9,  662, 31.6;
           10, 386, 29.3;
           11, 219, 15.1;
           12, 253, 12.8;
           13,  60,  6.0;
           14,  17,  7.5;
           15, 117, 20.3;
           16, 231, 23.3;
           17, 202, 11.1;
           18, 138,  9.8;
           19, 156,  9.5;
           20,  90,  8.6];
       
% Teams
num2team = ["WIL"; "REN"; "RED"; "RAC"; "MER"; "MCL"; "HAA"; "FER"; "ALP"; "ALF"];
teams = [1,   161,  6.6;
         2,   391, 12.7;
         3,   604, 24.1;
         4,   413, 10.8;
         5,   933, 32.4;
         6,   437, 15.7;
         7,   145,  7.8;
         8,   344, 25.6;
         9,   325, 13.0;
         10,  231,  8.4];