% Drivers
num2drv = ["HAM";"BOT";"VER";"LEC";"VET";"ALB";"SAI";"RIC";"NOR";"OCO";"GAS";"STR";"KVY";"PER";"RAI";"GIO";"MAG";"LAT";"GRO";"RUS"];      
drivers = [1,  554, 31.5;
           2,  378, 29.4;
           3,  350, 26.1;
           4,  195, 23.2;
           5,  81,  20.3;
           6,  170, 20.3;
           7,  162, 15.1;
           8,  276, 14.5;
           9,  196, 12.8;
           10, 100,  12.0;
           11, 163, 11.1;
           12, 145, 10.2;
           13, 122,   9.9;
           14, 233,  9.9;
           15, 145,  9.5;
           16, 97,   8.6;
           17,  5,   7.5;
           18, 90,   6.6;
           19, 88,   6.0;
           20, 31,   5.8];
       
% Teams
num2team = ["MER";"FER";"RED";"MCL";"ALP";"REN";"RAC";"ALF";"HAA";"WIL"];
teams = [1,   842, 32.4;
         2,   282, 25.7;
         3,   520, 24.2;
         4,   338, 15.7;
         5,   280, 12.9;
         6,   371, 12.7;
         7,   373, 10.9;
         8,   222,  8.4;
         9,   141,  7.8;
         10,  131,  6.6;];