% Drivers
num2drv = ["HAM";"BOT";"VER";"LEC";"VET";"ALB";"SAI";"RIC";"NOR";"OCO";"GAS";"STR";"KVY";"PER";"RAI";"GIO";"MAG";"LAT";"GRO";"RUS"];      
drivers = [1,  603, 31.5;
           2,  374, 29.4;
           3,  368, 26.1;
           4,  220, 23.3;
           5,  114, 20.3;
           6,  186, 20.3;
           7,  188, 15.1;
           8,  282, 14.5;
           9,  220, 12.8;
           10, 100, 12.0;
           11, 178, 11.1;
           12, 153, 10.2;
           13, 135,  9.9;
           14, 278,  9.9;
           15, 147,  9.5;
           16, 86,   8.6;
           17,  8,   7.5;
           18, 76,   6.6;
           19, 74,   6.0;
           20, 46,   5.8];
       
% Teams
num2team = ["MER";"FER";"RED";"MCL";"ALP";"REN";"RAC";"ALF";"HAA";"WIL"];
teams = [1,   882, 32.4;
         2,   335, 25.7;
         3,   544, 24.2;
         4,   378, 15.7;
         5,   303, 12.9;
         6,   372, 12.7;
         7,   411, 10.9;
         8,   223,  8.4;
         9,   140,  7.8;
         10,  142,  6.6;];