% Drivers
num2drv = ["ALO"; "BOT"; "GAS"; "GIO"; "HAM"; "LAT"; "LEC"; "MAZ"; "NOR"; "OCO"; "PER"; "RAI"; "RIC"; "RUS"; "SAI"; "SCH"; "STR"; "TSU"; "VER"; "VET"];      
drivers = [1,   23,  15.0;
           2,   55,  23.3;
           3,   29,  11.7;
           4,   21,   7.8;
           5,   128,  33.3;
           6,   -10,   6.4;
           7,   70,  17.7;
           8,   -4,   5.3;
           9,   90,  13.8;
           10,  42,  10.2;
           11,  51,  18.3;
           12,  12,   9.3;
           13,  48,  16.3;
           14,  2,   6.3;
           15,  36,  14.4;
           16,  33,  5.7;
           17,  37,  13.6;
           18,  24,   9.0;
           19,  116,  25.3;
           20,  17,  15.0];
       
% Teams
num2team = ["ALF"; "ALT"; "ALP"; "AST"; "FER"; "HAA"; "MCL"; "MER"; "RED"; "WIL"];
teams = [1,   33,  8.9;
         2,   43, 12.9;
         3,   65, 15.2;
         4,   39, 16.5;
         5,   91, 18.7;
         6,   29,  6.1;
         7,   133, 18.9;
         8,   173, 37.6;
         9,   152, 26.1;
         10,  10,  6.3];