% Drivers
num2drv = ["ALO"; "BOT"; "GAS"; "GIO"; "HAM"; "LAT"; "LEC"; "MAZ"; "NOR"; "OCO"; "PER"; "RAI"; "RIC"; "RUS"; "SAI"; "SCH"; "STR"; "TSU"; "VER"; "VET"];      
drivers = [1,   6,  15.0;
           2,   23,  23.3;
           3,   19,  11.7;
           4,   13,   7.8;
           5,   85,  33.4;
           6,   -12,   6.5;
           7,   48,  17.8;
           8,   -8,   5.3;
           9,   63,  13.7;
           10,  24,  9.6;
           11,  28,  18.3;
           12,  25,   9.4;
           13,  34,  16.5;
           14,  -1,   6.2;
           15,  34,  14.3;
           16,  22,  5.7;
           17,  29,  13.6;
           18,  22,   9.4;
           19,  79,  25.3;
           20,  13,  15.1];
       
% Teams
num2team = ["ALF"; "ALT"; "ALP"; "AST"; "FER"; "HAA"; "MCL"; "MER"; "RED"; "WIL"];
teams = [1,   28,  8.9;
         2,   36, 13.2;
         3,   35, 15.0;
         4,   32, 16.7;
         5,   72, 18.8;
         6,   19,  6.1;
         7,   87, 18.8;
         8,   103, 37.6;
         9,   97, 26.1;
         10,  10,  6.3];