% Drivers
num2drv = ["ALO"; "BOT"; "GAS"; "GIO"; "HAM"; "LAT"; "LEC"; "MAZ"; "NOR"; "OCO"; "PER"; "RAI"; "RIC"; "RUS"; "SAI"; "SCH"; "STR"; "TSU"; "VER"; "VET"];      
drivers = [1,   18,  14.8;
           2,   82,  23.2;
           3,   42,  11.5;
           4,   25,   7.8;
           5,   172,  33.3;
           6,   -2,   6.4;
           7,   98,  18.3;
           8,   0,   5.3;
           9,   102,  13.9;
           10,  51,  10.6;
           11,  74,  18.0;
           12,  27,   9.4;
           13,  71,  16.2;
           14,  12,   6.2;
           15,  49,  14.5;
           16,  40,  5.9;
           17,  45,  13.4;
           18,  10,   8.6;
           19,  157,  25.4;
           20,  20,  14.9];
       
% Teams
num2team = ["ALF"; "ALT"; "ALP"; "AST"; "FER"; "HAA"; "MCL"; "MER"; "RED"; "WIL"];
teams = [1,   47,  9.2;
         2,   52, 12.6;
         3,   64, 15.2;
         4,   45, 16.5;
         5,   127, 19.4;
         6,   35,  6.1;
         7,   163, 18.7;
         8,   239, 37.5;
         9,   211, 26.0;
         10,  23,  6.3];