% Drivers
num2drv = ["ALO"; "BOT"; "GAS"; "GIO"; "HAM"; "LAT"; "LEC"; "MAZ"; "NOR"; "OCO"; "PER"; "RAI"; "RIC"; "RUS"; "SAI"; "SCH"; "STR"; "TSU"; "VER"; "VET"];      
drivers = [1,   -8,  15.2;
           2,   32,  23.5;
           3,   2,  11.7;
           4,   5,   7.9;
           5,   45,  33.4;
           6,    1,   6.5;
           7,   20,  17.4;
           8,   -14,   5.3;
           9,   29,  13.4;
           10,  11,  9.7;
           11,  23,  18.4;
           12,  12,   9.5;
           13,  15,  16.8;
           14,  10,   6.2;
           15,  11,  14.3;
           16,   11,  5.8;
           17,  11,  13.6;
           18,  16,   9.4;
           19,  35,  25.1;
           20,  12,  15.4];
       
% Teams
num2team = ["ALF"; "ALT"; "ALP"; "AST"; "FER"; "HAA"; "MCL"; "MER"; "RED"; "WIL"];
teams = [1,   12,  8.9;
         2,   13, 13.2;
         3,   13, 15.1;
         4,   18, 16.9;
         5,   26, 18.6;
         6,   7,  6.1;
         7,   39, 18.7;
         8,   67, 37.8;
         9,   53, 26.0;
         10,  6,  6.3];