% Drivers
num2drv = ["RUS"; "LAT"; "RIC"; "OCO"; "VER"; "ALB"; "PER"; "STR"; "HAM"; "BOT"; "SAI"; "NOR"; "GRO/FIT"; "MAG"; "VET"; "LEC"; "GAS"; "KVY"; "RAI"; "GIO"];      
drivers = [1,   65,  5.7;
           2,   76,  6.6;
           3,  339, 14.6;
           4,  140, 12.0;
           5,  413, 26.3;
           6,  238, 20.3;
           7,  331, 10.0;
           8,  170, 10.0;
           9,  672, 31.3;
           10, 399, 29.6;
           11, 253, 15.2;
           12, 267, 12.8;
           13,  68,  5.9;
           14,  24,  7.5;
           15, 125, 20.3;
           16, 228, 23.2;
           17, 204, 11.1;
           18, 156,  9.8;
           19, 166,  9.5;
           20, 100,  8.6];
       
% Teams
num2team = ["WIL"; "REN"; "RED"; "RAC"; "MER"; "MCL"; "HAA"; "FER"; "ALP"; "ALF"];
teams = [1,   166,  6.6;
         2,   444, 12.6;
         3,   636, 24.3;
         4,   486, 10.8;
         5,   946, 32.3;
         6,   480, 15.7;
         7,   155,  7.8;
         8,   359, 25.6;
         9,   340, 12.9;
         10,  246,  8.4];